experiment_id,timestamp,tickers,parameters.num_assets,parameters.num_portfolios,parameters.ansatz_reps,parameters.risk_aversion,parameters.random_seed,quantum.return,quantum.risk,quantum.sharpe_ratio,quantum.var,quantum.cvar,quantum.max_drawdown,quantum.optimal_value,quantum.optimiser_evals,quantum.optimiser_time,quantum.circuit_metrics.depth,quantum.circuit_metrics.num_parameters,quantum.circuit_metrics.gate_counts.ry,quantum.circuit_metrics.gate_counts.barrier,quantum.circuit_metrics.gate_counts.cz,quantum.state_metrics.max_prob_state,quantum.state_metrics.entropy,quantum.state_metrics.num_significant_states,quantum.weights,classical.monte_carlo.return,classical.monte_carlo.risk,classical.monte_carlo.sharpe_ratio,classical.monte_carlo.var,classical.monte_carlo.cvar,classical.monte_carlo.max_drawdown,classical.mean_variance.return,classical.mean_variance.risk,classical.mean_variance.sharpe_ratio,classical.mean_variance.var,classical.mean_variance.cvar,classical.mean_variance.max_drawdown,data_stats.mean_returns,data_stats.return_stds,data_stats.cov_matrix
9ebcebcc,2025-08-11T21:43:24.846756,"['V', 'C', 'BAC']",3,100,1,0.2,45,0.47192727272727275,1.9342970854570816,0.2388088552685368,-2.709708303888469,-3.517972098969338,4.835742713642704,,0,1.5303552150726318,4,6,6,2,2,0.9938417605814309,0.040870782650196016,1,"[0.06060606060606061, 0.9090909090909091, 0.030303030303030304]",0.4662448107303109,1.8890970355825993,0.24151475659354074,-2.6410432999110016,-3.4304198391902307,4.722742588956498,0.1797708918707071,0.3014250598155028,0.5632275298365073,-0.3160292110208871,-0.441982439514423,0.7535626495387571,"[0.0007, 0.002, 0.0004]","[0.022, 0.1343, 0.0305]","[[0.00048399999999999995, -0.00033076661943811514, -0.00013487717933397827], [-0.00033076661943811514, 0.018036490000000002, -0.0004471368588473331], [-0.00013487717933397827, -0.0004471368588473331, 0.00093025]]"
24fa4d55,2025-08-11T21:45:41.842163,"['V', 'C', 'BAC']",3,100,1,0.2,123,0.2679157894736842,0.69706932008815,0.3700002023343513,-0.8786612099099059,-1.1699380247926374,1.7426733002203751,,0,4.340601205825806,4,6,6,2,2,0.9935892115015481,0.04660930955458508,1,"[0.5263157894736842, 0.3157894736842105, 0.15789473684210525]",0.47494042071968656,1.9567233726366295,0.2376117274529166,-2.74358311570239,-3.5612179407670173,4.891808431591574,0.17571440840111416,0.3418361726230619,0.4847772754109472,-0.3865560599611386,-0.5293954429377953,0.8545904315576547,"[0.0007, 0.002, 0.0004]","[0.022, 0.1343, 0.0305]","[[0.00048399999999999995, -0.0001440774312669895, 4.179303073729718e-05], [-0.0001440774312669895, 0.018036490000000002, 0.00013263685810295953], [4.179303073729718e-05, 0.00013263685810295953, 0.00093025]]"
2a8ef678,2025-08-11T21:48:14.603063,"['V', 'C', 'BAC']",3,100,1,0.2,256,0.30360000000000004,0.9968430862223856,0.29452980519995386,-1.3360609658743898,-1.7526010010261455,2.492107715555964,,0,1.0857207775115967,4,6,6,2,2,0.9972258569324098,0.021574987402291655,1,"[0.14285714285714285, 0.47619047619047616, 0.38095238095238093]",0.4415690031757172,1.7336683813120057,0.24893399904375849,-2.410061721756423,-3.134490970927227,4.334170953280014,0.18139059455980017,0.309051515958086,0.5545696613992483,-0.32695391237870836,-0.4560939255865298,0.772628789895215,"[0.0007, 0.002, 0.0004]","[0.022, 0.1343, 0.0305]","[[0.00048399999999999995, -0.0002921829412602865, -8.415312221504905e-05], [-0.0002921829412602865, 0.018036490000000002, -0.0006687651949791408], [-8.415312221504905e-05, -0.0006687651949791408, 0.00093025]]"
aa7490ed,2025-08-11T21:50:26.612432,"['V', 'C', 'BAC']",3,100,1,0.5,45,0.5006273959341724,2.110894383755397,0.23242631166667815,-2.9714848872973847,-3.853541484733583,5.277235959388492,,0,1.485745906829834,4,6,6,2,2,0.9900564890052101,0.06325182512881646,1,"[0.007018393030009681, 0.9903194578896418, 0.0026621490803484995]",0.4662448107303109,1.8890970355825993,0.24151475659354074,-2.6410432999110016,-3.4304198391902307,4.722742588956498,0.1797708918707071,0.3014250598155028,0.5632275298365073,-0.3160292110208871,-0.441982439514423,0.7535626495387571,"[0.0007, 0.002, 0.0004]","[0.022, 0.1343, 0.0305]","[[0.00048399999999999995, -0.00033076661943811514, -0.00013487717933397827], [-0.00033076661943811514, 0.018036490000000002, -0.0004471368588473331], [-0.00013487717933397827, -0.0004471368588473331, 0.00093025]]"
e5ac2c65,2025-08-11T21:53:10.669312,"['V', 'C', 'BAC']",3,100,1,0.5,123,0.5012997818181818,2.1142355843914453,0.23237702810663644,-2.976308287397952,-3.8597610361940027,5.285588960978613,,0,2.3569390773773193,4,6,6,2,2,0.9900095550873438,0.05937590787425851,1,"[0.008242424242424242, 0.9917575757575757, 0.0]",0.47494042071968656,1.9567233726366295,0.2376117274529166,-2.74358311570239,-3.5612179407670173,4.891808431591574,0.17571440840111416,0.3418361726230619,0.4847772754109472,-0.3865560599611386,-0.5293954429377953,0.8545904315576547,"[0.0007, 0.002, 0.0004]","[0.022, 0.1343, 0.0305]","[[0.00048399999999999995, -0.0001440774312669895, 4.179303073729718e-05], [-0.0001440774312669895, 0.018036490000000002, 0.00013263685810295953], [4.179303073729718e-05, 0.00013263685810295953, 0.00093025]]"
f35aa679,2025-08-11T21:56:18.268000,"['V', 'C', 'BAC']",3,100,1,0.5,256,0.47916646216768916,1.977946125195099,0.2371988074859278,-2.7742653957740795,-3.6007683428319313,4.944865312987748,,0,1.1009862422943115,4,6,6,2,2,0.9286606840227819,0.3104590591336268,3,"[0.04839809134287662, 0.9293342422176778, 0.02226766643944558]",0.4415690031757172,1.7336683813120057,0.24893399904375849,-2.410061721756423,-3.134490970927227,4.334170953280014,0.18139059455980017,0.309051515958086,0.5545696613992483,-0.32695391237870836,-0.4560939255865298,0.772628789895215,"[0.0007, 0.002, 0.0004]","[0.022, 0.1343, 0.0305]","[[0.00048399999999999995, -0.0002921829412602865, -8.415312221504905e-05], [-0.0002921829412602865, 0.018036490000000002, -0.0006687651949791408], [-8.415312221504905e-05, -0.0006687651949791408, 0.00093025]]"
02115d58,2025-08-11T21:59:22.602702,"['V', 'C', 'BAC']",3,100,1,0.8,45,0.4885849813432836,2.0341447690824936,0.23527577221514603,-2.857285419826421,-3.7072714861674143,5.085361922706234,,0,0.9132449626922607,4,6,6,2,2,0.9585918993594631,0.19416764912077134,2,"[0.03614738805970149, 0.9549906716417911, 0.008861940298507462]",0.4662448107303109,1.8890970355825993,0.24151475659354074,-2.6410432999110016,-3.4304198391902307,4.722742588956498,0.1797708918707071,0.3014250598155028,0.5632275298365073,-0.3160292110208871,-0.441982439514423,0.7535626495387571,"[0.0007, 0.002, 0.0004]","[0.022, 0.1343, 0.0305]","[[0.00048399999999999995, -0.00033076661943811514, -0.00013487717933397827], [-0.00033076661943811514, 0.018036490000000002, -0.0004471368588473331], [-0.00013487717933397827, -0.0004471368588473331, 0.00093025]]"
771cdb62,2025-08-11T22:01:52.106571,"['V', 'C', 'BAC']",3,100,1,0.8,123,0.4033104859335038,1.6013556744484925,0.24561094840405154,-2.2306852032224196,-2.899826373126096,4.003389186121231,,0,0.8117902278900146,4,6,6,2,2,0.6669083276561958,0.7301839735275005,3,"[0.014614541468761417, 0.7475337961271465, 0.23785166240409208]",0.47494042071968656,1.9567233726366295,0.2376117274529166,-2.74358311570239,-3.5612179407670173,4.891808431591574,0.17571440840111416,0.3418361726230619,0.4847772754109472,-0.3865560599611386,-0.5293954429377953,0.8545904315576547,"[0.0007, 0.002, 0.0004]","[0.022, 0.1343, 0.0305]","[[0.00048399999999999995, -0.0001440774312669895, 4.179303073729718e-05], [-0.0001440774312669895, 0.018036490000000002, 0.00013263685810295953], [4.179303073729718e-05, 0.00013263685810295953, 0.00093025]]"
170c5afa,2025-08-11T22:04:43.775496,"['V', 'C', 'BAC']",3,100,1,0.8,256,0.4878193187120859,2.029446005381127,0.23544322807561074,-2.8503223039412373,-3.6983449487323528,5.073615013452818,,0,1.111396312713623,4,6,6,2,2,0.949441966254993,0.24019662602588882,2,"[0.03733084461035931, 0.9528698086794214, 0.00979934671021932]",0.4415690031757172,1.7336683813120057,0.24893399904375849,-2.410061721756423,-3.134490970927227,4.334170953280014,0.18139059455980017,0.309051515958086,0.5545696613992483,-0.32695391237870836,-0.4560939255865298,0.772628789895215,"[0.0007, 0.002, 0.0004]","[0.022, 0.1343, 0.0305]","[[0.00048399999999999995, -0.0002921829412602865, -8.415312221504905e-05], [-0.0002921829412602865, 0.018036490000000002, -0.0006687651949791408], [-8.415312221504905e-05, -0.0006687651949791408, 0.00093025]]"
e92a320a,2025-08-11T22:09:20.028984,"['V', 'C', 'BAC']",3,100,2,0.2,45,0.21786545454545456,0.5691443568868007,0.3652244848433026,-0.7182937051387625,-0.956115899725527,1.4228608922170016,,0,8.951555967330933,7,9,9,4,4,0.9835259061854795,0.10735422057570027,1,"[0.19090909090909092, 0.2545454545454545, 0.5545454545454546]",0.4662448107303109,1.8890970355825993,0.24151475659354074,-2.6410432999110016,-3.4304198391902307,4.722742588956498,0.1797708918707071,0.3014250598155028,0.5632275298365073,-0.3160292110208871,-0.441982439514423,0.7535626495387571,"[0.0007, 0.002, 0.0004]","[0.022, 0.1343, 0.0305]","[[0.00048399999999999995, -0.00033076661943811514, -0.00013487717933397827], [-0.00033076661943811514, 0.018036490000000002, -0.0004471368588473331], [-0.00013487717933397827, -0.0004471368588473331, 0.00093025]]"
99b79ffc,2025-08-11T22:14:12.063397,"['V', 'C', 'BAC']",3,100,2,0.2,123,0.504,2.1319464064558473,0.23171314180511074,-3.0027397791250574,-3.893593157515912,5.3298660161396185,,0,8.567654132843018,7,9,9,4,4,0.9991445314394272,0.007713040981052055,1,"[0.0, 1.0, 0.0]",0.47494042071968656,1.9567233726366295,0.2376117274529166,-2.74358311570239,-3.5612179407670173,4.891808431591574,0.17571440840111416,0.3418361726230619,0.4847772754109472,-0.3865560599611386,-0.5293954429377953,0.8545904315576547,"[0.0007, 0.002, 0.0004]","[0.022, 0.1343, 0.0305]","[[0.00048399999999999995, -0.0001440774312669895, 4.179303073729718e-05], [-0.0001440774312669895, 0.018036490000000002, 0.00013263685810295953], [4.179303073729718e-05, 0.00013263685810295953, 0.00093025]]"
c85bd7b4,2025-08-11T22:18:08.093809,"['V', 'C', 'BAC']",3,100,2,0.2,256,0.36081818181818187,1.3384621923432887,0.26210541009305105,-1.8407562097950954,-2.400044924692789,3.3461554808582217,,0,6.958571910858154,7,9,9,4,4,0.9978515578151342,0.017403375652053316,1,"[0.045454545454545456, 0.6363636363636364, 0.3181818181818182]",0.4415690031757172,1.7336683813120057,0.24893399904375849,-2.410061721756423,-3.134490970927227,4.334170953280014,0.18139059455980017,0.309051515958086,0.5545696613992483,-0.32695391237870836,-0.4560939255865298,0.772628789895215,"[0.0007, 0.002, 0.0004]","[0.022, 0.1343, 0.0305]","[[0.00048399999999999995, -0.0002921829412602865, -8.415312221504905e-05], [-0.0002921829412602865, 0.018036490000000002, -0.0006687651949791408], [-8.415312221504905e-05, -0.0006687651949791408, 0.00093025]]"
61003642,2025-08-11T21:43:24.108372,"['V', 'C', 'BAC']",3,100,2,0.5,45,0.3117603658536585,1.105106552964517,0.27305997330679793,-1.5059781559578662,-1.9677570746066357,2.7627663824112925,,0,1.9788978099822998,7,9,9,4,4,0.8546875008973216,0.5158154050108712,3,"[0.018800813008130083, 0.5196900406504065, 0.4615091463414634]",0.4662448107303109,1.8890970355825993,0.24151475659354074,-2.6410432999110016,-3.4304198391902307,4.722742588956498,0.1797708918707071,0.3014250598155028,0.5632275298365073,-0.3160292110208871,-0.441982439514423,0.7535626495387571,"[0.0007, 0.002, 0.0004]","[0.022, 0.1343, 0.0305]","[[0.00048399999999999995, -0.00033076661943811514, -0.00013487717933397827], [-0.00033076661943811514, 0.018036490000000002, -0.0004471368588473331], [-0.00013487717933397827, -0.0004471368588473331, 0.00093025]]"
6c4a3502,2025-08-11T21:45:37.102277,"['V', 'C', 'BAC']",3,100,2,0.5,123,0.5026529655845742,2.1241427181160586,0.2319302565608761,-2.991250888471183,-3.8788434240470586,5.310356795290146,,0,5.895309925079346,7,9,9,4,4,0.9954107155789883,0.03540358687257821,1,"[0.001708567244325116, 0.9963387844764462, 0.001952648279228704]",0.47494042071968656,1.9567233726366295,0.2376117274529166,-2.74358311570239,-3.5612179407670173,4.891808431591574,0.17571440840111416,0.3418361726230619,0.4847772754109472,-0.3865560599611386,-0.5293954429377953,0.8545904315576547,"[0.0007, 0.002, 0.0004]","[0.022, 0.1343, 0.0305]","[[0.00048399999999999995, -0.0001440774312669895, 4.179303073729718e-05], [-0.0001440774312669895, 0.018036490000000002, 0.00013263685810295953], [4.179303073729718e-05, 0.00013263685810295953, 0.00093025]]"
2be67be8,2025-08-11T21:48:12.298406,"['V', 'C', 'BAC']",3,100,2,0.5,256,0.44934324324324326,1.8333733547150401,0.23963653781339592,-2.5662875688159783,-3.3323794564703277,4.5834333867876005,,0,1.7255239486694336,7,9,9,4,4,0.8433952660379507,0.4389940781768122,2,"[0.0, 0.8644425675675675, 0.13555743243243243]",0.4415690031757172,1.7336683813120057,0.24893399904375849,-2.410061721756423,-3.134490970927227,4.334170953280014,0.18139059455980017,0.309051515958086,0.5545696613992483,-0.32695391237870836,-0.4560939255865298,0.772628789895215,"[0.0007, 0.002, 0.0004]","[0.022, 0.1343, 0.0305]","[[0.00048399999999999995, -0.0002921829412602865, -8.415312221504905e-05], [-0.0002921829412602865, 0.018036490000000002, -0.0006687651949791408], [-8.415312221504905e-05, -0.0006687651949791408, 0.00093025]]"
47c8662b,2025-08-11T21:50:23.496795,"['V', 'C', 'BAC']",3,100,2,0.8,45,0.3500604559867129,1.3106077282061177,0.25946776344144373,-1.805697419263749,-2.353346890602259,3.2765193205152943,,0,3.3865649700164795,7,9,9,4,4,0.6189906200085481,0.674056086202656,2,"[0.00030197795560924054, 0.6181488751321154, 0.3815491469122754]",0.4662448107303109,1.8890970355825993,0.24151475659354074,-2.6410432999110016,-3.4304198391902307,4.722742588956498,0.1797708918707071,0.3014250598155028,0.5632275298365073,-0.3160292110208871,-0.441982439514423,0.7535626495387571,"[0.0007, 0.002, 0.0004]","[0.022, 0.1343, 0.0305]","[[0.00048399999999999995, -0.00033076661943811514, -0.00013487717933397827], [-0.00033076661943811514, 0.018036490000000002, -0.0004471368588473331], [-0.00013487717933397827, -0.0004471368588473331, 0.00093025]]"
b99a4861,2025-08-11T21:53:05.442956,"['V', 'C', 'BAC']",3,100,2,0.8,123,0.498939344262295,2.1048744678883,0.23228907553466593,-2.9632710585213244,-3.842812178846282,5.262186169720749,,0,2.6104989051818848,7,9,9,4,4,0.9897269048204648,0.061768326585454676,1,"[0.0012054001928640309, 0.9872227579556413, 0.011571841851494697]",0.47494042071968656,1.9567233726366295,0.2376117274529166,-2.74358311570239,-3.5612179407670173,4.891808431591574,0.17571440840111416,0.3418361726230619,0.4847772754109472,-0.3865560599611386,-0.5293954429377953,0.8545904315576547,"[0.0007, 0.002, 0.0004]","[0.022, 0.1343, 0.0305]","[[0.00048399999999999995, -0.0001440774312669895, 4.179303073729718e-05], [-0.0001440774312669895, 0.018036490000000002, 0.00013263685810295953], [4.179303073729718e-05, 0.00013263685810295953, 0.00093025]]"
ec686cf2,2025-08-11T21:56:14.229250,"['V', 'C', 'BAC']",3,100,2,0.8,256,0.2892317863397548,0.9387906820804943,0.297437748019545,-1.2549414720285925,-1.6472237771563143,2.346976705201236,,0,3.454533100128174,7,9,9,4,4,0.7660176311152247,0.5819178035603951,2,"[0.10661120840630472, 0.44735113835376533, 0.44603765323992994]",0.4415690031757172,1.7336683813120057,0.24893399904375849,-2.410061721756423,-3.134490970927227,4.334170953280014,0.18139059455980017,0.309051515958086,0.5545696613992483,-0.32695391237870836,-0.4560939255865298,0.772628789895215,"[0.0007, 0.002, 0.0004]","[0.022, 0.1343, 0.0305]","[[0.00048399999999999995, -0.0002921829412602865, -8.415312221504905e-05], [-0.0002921829412602865, 0.018036490000000002, -0.0006687651949791408], [-8.415312221504905e-05, -0.0006687651949791408, 0.00093025]]"
79a7d83b,2025-08-11T21:59:18.889867,"['V', 'C', 'BAC']",3,100,3,0.2,45,0.2672372093023256,0.7337718119200871,0.3505683989538978,-0.939710016889183,-1.246323304933169,1.8344295298002178,,0,1.436959981918335,10,12,12,6,6,0.9830253987290722,0.11175840652195826,1,"[0.34108527131782945, 0.3488372093023256, 0.31007751937984496]",0.4662448107303109,1.8890970355825993,0.24151475659354074,-2.6410432999110016,-3.4304198391902307,4.722742588956498,0.1797708918707071,0.3014250598155028,0.5632275298365073,-0.3160292110208871,-0.441982439514423,0.7535626495387571,"[0.0007, 0.002, 0.0004]","[0.022, 0.1343, 0.0305]","[[0.00048399999999999995, -0.00033076661943811514, -0.00013487717933397827], [-0.00033076661943811514, 0.018036490000000002, -0.0004471368588473331], [-0.00013487717933397827, -0.0004471368588473331, 0.00093025]]"
5da9a223,2025-08-11T22:01:49.161347,"['V', 'C', 'BAC']",3,100,3,0.2,123,0.1008,0.4841724899248201,0.18753647076086247,-0.6955928761229654,-0.8979087960106873,1.2104312248120501,,0,1.5097389221191406,10,12,12,6,6,0.999760709980475,0.002551849007901735,1,"[0.0, 0.0, 1.0]",0.47494042071968656,1.9567233726366295,0.2376117274529166,-2.74358311570239,-3.5612179407670173,4.891808431591574,0.17571440840111416,0.3418361726230619,0.4847772754109472,-0.3865560599611386,-0.5293954429377953,0.8545904315576547,"[0.0007, 0.002, 0.0004]","[0.022, 0.1343, 0.0305]","[[0.00048399999999999995, -0.0001440774312669895, 4.179303073729718e-05], [-0.0001440774312669895, 0.018036490000000002, 0.00013263685810295953], [4.179303073729718e-05, 0.00013263685810295953, 0.00093025]]"
146b62c7,2025-08-11T22:04:41.386370,"['V', 'C', 'BAC']",3,100,3,0.2,256,0.30989189189189187,1.0798294077936315,0.2777215453917373,-1.466269426006323,-1.9174860574871921,2.699573519484079,,0,1.6017050743103027,10,12,12,6,6,0.9947205237231438,0.038117094342420284,1,"[0.02702702702702703, 0.5135135135135135, 0.4594594594594595]",0.4415690031757172,1.7336683813120057,0.24893399904375849,-2.410061721756423,-3.134490970927227,4.334170953280014,0.18139059455980017,0.309051515958086,0.5545696613992483,-0.32695391237870836,-0.4560939255865298,0.772628789895215,"[0.0007, 0.002, 0.0004]","[0.022, 0.1343, 0.0305]","[[0.00048399999999999995, -0.0002921829412602865, -8.415312221504905e-05], [-0.0002921829412602865, 0.018036490000000002, -0.0006687651949791408], [-8.415312221504905e-05, -0.0006687651949791408, 0.00093025]]"
f342ff57,2025-08-11T22:09:17.152565,"['V', 'C', 'BAC']",3,100,3,0.5,45,0.3027735849056604,1.067766642160293,0.2741924811523652,-1.453546249189492,-1.8997223433075758,2.6694166054007322,,0,11.536314725875854,10,12,12,6,6,0.9871688139675829,0.08370228276168078,1,"[0.002327860818426856, 0.5004900759617741, 0.4971820632197991]",0.4662448107303109,1.8890970355825993,0.24151475659354074,-2.6410432999110016,-3.4304198391902307,4.722742588956498,0.1797708918707071,0.3014250598155028,0.5632275298365073,-0.3160292110208871,-0.441982439514423,0.7535626495387571,"[0.0007, 0.002, 0.0004]","[0.022, 0.1343, 0.0305]","[[0.00048399999999999995, -0.00033076661943811514, -0.00013487717933397827], [-0.00033076661943811514, 0.018036490000000002, -0.0004471368588473331], [-0.00013487717933397827, -0.0004471368588473331, 0.00093025]]"
296fbb00,2025-08-11T22:14:09.047296,"['V', 'C', 'BAC']",3,100,3,0.5,123,0.498751012536162,2.1044055713667684,0.23225133937405812,-2.962688124103352,-3.842033311712057,5.261013928416921,,0,10.515689849853516,10,12,12,6,6,0.9890754345721574,0.06299313151020758,2,"[0.0, 0.9869816779170685, 0.013018322082931534]",0.47494042071968656,1.9567233726366295,0.2376117274529166,-2.74358311570239,-3.5612179407670173,4.891808431591574,0.17571440840111416,0.3418361726230619,0.4847772754109472,-0.3865560599611386,-0.5293954429377953,0.8545904315576547,"[0.0007, 0.002, 0.0004]","[0.022, 0.1343, 0.0305]","[[0.00048399999999999995, -0.0001440774312669895, 4.179303073729718e-05], [-0.0001440774312669895, 0.018036490000000002, 0.00013263685810295953], [4.179303073729718e-05, 0.00013263685810295953, 0.00093025]]"
289cae83,2025-08-11T22:18:05.619641,"['V', 'C', 'BAC']",3,100,3,0.5,256,0.32278030934767993,1.1578588770131983,0.2701368150793342,-1.5817280640054376,-2.0655500255536117,2.8946471925329957,,0,9.392051935195923,10,12,12,6,6,0.8123294252409076,0.4983075141487076,2,"[0.000941492938802959, 0.5503698722259583, 0.44868863483523874]",0.4415690031757172,1.7336683813120057,0.24893399904375849,-2.410061721756423,-3.134490970927227,4.334170953280014,0.18139059455980017,0.309051515958086,0.5545696613992483,-0.32695391237870836,-0.4560939255865298,0.772628789895215,"[0.0007, 0.002, 0.0004]","[0.022, 0.1343, 0.0305]","[[0.00048399999999999995, -0.0002921829412602865, -8.415312221504905e-05], [-0.0002921829412602865, 0.018036490000000002, -0.0006687651949791408], [-8.415312221504905e-05, -0.0006687651949791408, 0.00093025]]"
dadcbeb0,2025-08-11T21:43:24.193055,"['V', 'C', 'BAC']",3,100,3,0.8,45,0.34995891600539003,1.2966865210169392,0.26217509821785906,-1.7829006111084087,-2.324732978218499,3.241716302542348,,0,2.49525785446167,10,12,12,6,6,0.5566602642703704,0.8803255408353724,4,"[0.029794879472974996, 0.612367120826471, 0.35783799970055397]",0.4662448107303109,1.8890970355825993,0.24151475659354074,-2.6410432999110016,-3.4304198391902307,4.722742588956498,0.1797708918707071,0.3014250598155028,0.5632275298365073,-0.3160292110208871,-0.441982439514423,0.7535626495387571,"[0.0007, 0.002, 0.0004]","[0.022, 0.1343, 0.0305]","[[0.00048399999999999995, -0.00033076661943811514, -0.00013487717933397827], [-0.00033076661943811514, 0.018036490000000002, -0.0004471368588473331], [-0.00013487717933397827, -0.0004471368588473331, 0.00093025]]"
d3bc7bc3,2025-08-11T21:45:38.406063,"['V', 'C', 'BAC']",3,100,3,0.8,123,0.46718818162068215,1.8939314188831657,0.2413963763747485,-2.6480517819266405,-3.439448412650338,4.734828547207915,,0,7.297856092453003,10,12,12,6,6,0.8730153984290883,0.41937954226547514,2,"[0.10514881598957201, 0.8889854442754725, 0.005865739734955464]",0.47494042071968656,1.9567233726366295,0.2376117274529166,-2.74358311570239,-3.5612179407670173,4.891808431591574,0.17571440840111416,0.3418361726230619,0.4847772754109472,-0.3865560599611386,-0.5293954429377953,0.8545904315576547,"[0.0007, 0.002, 0.0004]","[0.022, 0.1343, 0.0305]","[[0.00048399999999999995, -0.0001440774312669895, 4.179303073729718e-05], [-0.0001440774312669895, 0.018036490000000002, 0.00013263685810295953], [4.179303073729718e-05, 0.00013263685810295953, 0.00093025]]"
e49165d5,2025-08-11T21:48:14.187168,"['V', 'C', 'BAC']",3,100,3,0.8,256,0.2728457583547558,0.7855949937869738,0.33458176341947315,-1.0193430164906672,-1.347611096843353,1.9639874844674345,,0,3.031332015991211,10,12,12,6,6,0.6751905963795477,0.8143006313126925,4,"[0.270106500183621, 0.3760558207858979, 0.3538376790304811]",0.4415690031757172,1.7336683813120057,0.24893399904375849,-2.410061721756423,-3.134490970927227,4.334170953280014,0.18139059455980017,0.309051515958086,0.5545696613992483,-0.32695391237870836,-0.4560939255865298,0.772628789895215,"[0.0007, 0.002, 0.0004]","[0.022, 0.1343, 0.0305]","[[0.00048399999999999995, -0.0002921829412602865, -8.415312221504905e-05], [-0.0002921829412602865, 0.018036490000000002, -0.0006687651949791408], [-8.415312221504905e-05, -0.0006687651949791408, 0.00093025]]"
7bfd9292,2025-08-11T21:54:37.070525,"['V', 'C', 'BAC']",3,250,1,0.2,45,0.30000000000000004,1.0092046011372187,0.2873550117322241,-1.3599938485166676,-1.7816992561611655,2.5230115028430466,,0,0.9380137920379639,4,6,6,2,2,0.9948045634150672,0.038696688767569695,1,"[0.09523809523809523, 0.47619047619047616, 0.42857142857142855]",0.4662448107303109,1.8890970355825993,0.24151475659354074,-2.6410432999110016,-3.4304198391902307,4.722742588956498,0.1797708918707071,0.3014250598155028,0.5632275298365073,-0.3160292110208871,-0.441982439514423,0.7535626495387571,"[0.0007, 0.002, 0.0004]","[0.022, 0.1343, 0.0305]","[[0.00048399999999999995, -0.00033076661943811514, -0.00013487717933397827], [-0.00033076661943811514, 0.018036490000000002, -0.0004471368588473331], [-0.00013487717933397827, -0.0004471368588473331, 0.00093025]]"
3ad46263,2025-08-11T22:01:43.313601,"['V', 'C', 'BAC']",3,250,1,0.2,123,0.3402,1.0717448920617068,0.3080957067729028,-1.422663472874412,-1.8705019152363478,2.679362230154267,,0,1.0049641132354736,4,6,6,2,2,0.9988130175085538,0.010304143480085574,1,"[0.5, 0.5, 0.0]",0.47494042071968656,1.9567233726366295,0.2376117274529166,-2.74358311570239,-3.5612179407670173,4.891808431591574,0.17571440840111416,0.3418361726230619,0.4847772754109472,-0.3865560599611386,-0.5293954429377953,0.8545904315576547,"[0.0007, 0.002, 0.0004]","[0.022, 0.1343, 0.0305]","[[0.00048399999999999995, -0.0001440774312669895, 4.179303073729718e-05], [-0.0001440774312669895, 0.018036490000000002, 0.00013263685810295953], [4.179303073729718e-05, 0.00013263685810295953, 0.00093025]]"
987d3bee,2025-08-11T22:11:13.889808,"['V', 'C', 'BAC']",3,250,1,0.2,256,0.19655999999999998,0.46867036526783734,0.3980622924459583,-0.5743341501554735,-0.7701723649371522,1.1716759131695933,,0,6.169274806976318,4,6,6,2,2,0.999527443079016,0.004677601693329118,1,"[0.2, 0.2, 0.6]",0.42288366003341826,1.6392229047213132,0.2518776786514054,-2.2733980801793607,-2.958362419894762,4.098057261803283,0.18139059455980017,0.309051515958086,0.5545696613992483,-0.32695391237870836,-0.4560939255865298,0.772628789895215,"[0.0007, 0.002, 0.0004]","[0.022, 0.1343, 0.0305]","[[0.00048399999999999995, -0.0002921829412602865, -8.415312221504905e-05], [-0.0002921829412602865, 0.018036490000000002, -0.0006687651949791408], [-8.415312221504905e-05, -0.0006687651949791408, 0.00093025]]"
b3b29eb3,2025-08-11T22:21:10.101766,"['V', 'C', 'BAC']",3,250,1,0.5,45,0.46522862823061634,1.921606325443474,0.23690004669689943,-2.695532505747973,-3.4984933502489235,4.804015813608685,,0,3.748972177505493,4,6,6,2,2,0.8903128315276045,0.3545151856612058,2,"[0.0019880715705765406, 0.9034680804064502, 0.09454384802297328]",0.4662448107303109,1.8890970355825993,0.24151475659354074,-2.6410432999110016,-3.4304198391902307,4.722742588956498,0.1797708918707071,0.3014250598155028,0.5632275298365073,-0.3160292110208871,-0.441982439514423,0.7535626495387571,"[0.0007, 0.002, 0.0004]","[0.022, 0.1343, 0.0305]","[[0.00048399999999999995, -0.00033076661943811514, -0.00013487717933397827], [-0.00033076661943811514, 0.018036490000000002, -0.0004471368588473331], [-0.00013487717933397827, -0.0004471368588473331, 0.00093025]]"
96f7698f,2025-08-11T22:30:17.868446,"['V', 'C', 'BAC']",3,250,1,0.5,123,0.40478659793814437,1.615433180926544,0.2443843562206092,-2.252364528806635,-2.927388114031501,4.03858295231636,,0,4.090085744857788,4,6,6,2,2,0.6628719432564699,0.6482730840729357,2,"[0.0003681885125184094, 0.7538659793814433, 0.24576583210603828]",0.47494042071968656,1.9567233726366295,0.2376117274529166,-2.74358311570239,-3.5612179407670173,4.891808431591574,0.17571440840111416,0.3418361726230619,0.4847772754109472,-0.3865560599611386,-0.5293954429377953,0.8545904315576547,"[0.0007, 0.002, 0.0004]","[0.022, 0.1343, 0.0305]","[[0.00048399999999999995, -0.0001440774312669895, 4.179303073729718e-05], [-0.0001440774312669895, 0.018036490000000002, 0.00013263685810295953], [4.179303073729718e-05, 0.00013263685810295953, 0.00093025]]"
2fca8938,2025-08-11T22:39:39.905580,"['V', 'C', 'BAC']",3,250,1,0.5,256,0.4979057636887608,2.094711321139962,0.23292267472122977,-2.947587750304615,-3.8228821064574423,5.236778302849904,,0,4.260753870010376,4,6,6,2,2,0.9825709956780396,0.10197340495851268,2,"[0.010326609029779058, 0.9829490874159462, 0.0067243035542747355]",0.42288366003341826,1.6392229047213132,0.2518776786514054,-2.2733980801793607,-2.958362419894762,4.098057261803283,0.18139059455980017,0.309051515958086,0.5545696613992483,-0.32695391237870836,-0.4560939255865298,0.772628789895215,"[0.0007, 0.002, 0.0004]","[0.022, 0.1343, 0.0305]","[[0.00048399999999999995, -0.0002921829412602865, -8.415312221504905e-05], [-0.0002921829412602865, 0.018036490000000002, -0.0006687651949791408], [-8.415312221504905e-05, -0.0006687651949791408, 0.00093025]]"
9edb1bd0,2025-08-11T22:49:23.003867,"['V', 'C', 'BAC']",3,250,1,0.8,45,0.4839988873435327,2.0207355093937145,0.23456750531678813,-2.839815244392349,-3.6841981284679273,5.0518387734842864,,0,1.1079368591308594,4,6,6,2,2,0.9455206020667967,0.23018840798399906,2,"[0.007417709782104775, 0.9490032452480297, 0.04357904496986555]",0.4662448107303109,1.8890970355825993,0.24151475659354074,-2.6410432999110016,-3.4304198391902307,4.722742588956498,0.1797708918707071,0.3014250598155028,0.5632275298365073,-0.3160292110208871,-0.441982439514423,0.7535626495387571,"[0.0007, 0.002, 0.0004]","[0.022, 0.1343, 0.0305]","[[0.00048399999999999995, -0.00033076661943811514, -0.00013487717933397827], [-0.00033076661943811514, 0.018036490000000002, -0.0004471368588473331], [-0.00013487717933397827, -0.0004471368588473331, 0.00093025]]"
a006c70e,2025-08-11T22:56:03.934273,"['V', 'C', 'BAC']",3,250,1,0.8,123,0.3608189035916824,1.3884150839863363,0.2526758082924536,-1.9229206830173755,-2.5030826722834334,3.4710377099658407,,0,0.7324767112731934,4,6,6,2,2,0.5328086601315681,0.7506426464668322,2,"[0.005671077504725898, 0.6438248267170762, 0.35050409577819786]",0.47494042071968656,1.9567233726366295,0.2376117274529166,-2.74358311570239,-3.5612179407670173,4.891808431591574,0.17571440840111416,0.3418361726230619,0.4847772754109472,-0.3865560599611386,-0.5293954429377953,0.8545904315576547,"[0.0007, 0.002, 0.0004]","[0.022, 0.1343, 0.0305]","[[0.00048399999999999995, -0.0001440774312669895, 4.179303073729718e-05], [-0.0001440774312669895, 0.018036490000000002, 0.00013263685810295953], [4.179303073729718e-05, 0.00013263685810295953, 0.00093025]]"
b20ee5aa,2025-08-11T23:02:51.980216,"['V', 'C', 'BAC']",3,250,1,0.8,256,0.4534024994704512,1.834635921408501,0.2416841915588564,-2.564305049993777,-3.3309245127320537,4.586589803521253,,0,1.9045720100402832,4,6,6,2,2,0.8478294756896947,0.5676766099543735,3,"[0.05486125820800678, 0.8642236814234272, 0.08091506036856598]",0.42288366003341826,1.6392229047213132,0.2518776786514054,-2.2733980801793607,-2.958362419894762,4.098057261803283,0.18139059455980017,0.309051515958086,0.5545696613992483,-0.32695391237870836,-0.4560939255865298,0.772628789895215,"[0.0007, 0.002, 0.0004]","[0.022, 0.1343, 0.0305]","[[0.00048399999999999995, -0.0002921829412602865, -8.415312221504905e-05], [-0.0002921829412602865, 0.018036490000000002, -0.0006687651949791408], [-8.415312221504905e-05, -0.0006687651949791408, 0.00093025]]"
2c55f242,2025-08-11T21:47:04.913762,"['V', 'C', 'BAC']",3,250,2,0.2,45,0.288288,0.8839486107391807,0.31482373140140846,-1.1656780784130563,-1.5350441205501055,2.2098715268479516,,0,1.8955278396606445,7,9,9,4,4,0.9927791546986249,0.050489403122272764,1,"[0.24, 0.42, 0.34]",0.4662448107303109,1.8890970355825993,0.24151475659354074,-2.6410432999110016,-3.4304198391902307,4.722742588956498,0.1797708918707071,0.3014250598155028,0.5632275298365073,-0.3160292110208871,-0.441982439514423,0.7535626495387571,"[0.0007, 0.002, 0.0004]","[0.022, 0.1343, 0.0305]","[[0.00048399999999999995, -0.00033076661943811514, -0.00013487717933397827], [-0.00033076661943811514, 0.018036490000000002, -0.0004471368588473331], [-0.00013487717933397827, -0.0004471368588473331, 0.00093025]]"
24b7fc9a,2025-08-11T21:52:51.710586,"['V', 'C', 'BAC']",3,250,2,0.2,123,0.3217846153846154,0.99157887174008,0.31443249172653076,-1.3092174882055037,-1.723557823007412,2.4789471793502,,0,2.368927001953125,7,9,9,4,4,0.9964803819529788,0.026663257450439175,1,"[0.46153846153846156, 0.46153846153846156, 0.07692307692307693]",0.47494042071968656,1.9567233726366295,0.2376117274529166,-2.74358311570239,-3.5612179407670173,4.891808431591574,0.17571440840111416,0.3418361726230619,0.4847772754109472,-0.3865560599611386,-0.5293954429377953,0.8545904315576547,"[0.0007, 0.002, 0.0004]","[0.022, 0.1343, 0.0305]","[[0.00048399999999999995, -0.0001440774312669895, 4.179303073729718e-05], [-0.0001440774312669895, 0.018036490000000002, 0.00013263685810295953], [4.179303073729718e-05, 0.00013263685810295953, 0.00093025]]"
6422ee0a,2025-08-11T22:00:27.790773,"['V', 'C', 'BAC']",3,250,2,0.2,256,0.3024,1.0538691595414624,0.2774537971366607,-1.431060509404074,-1.8714294128232627,2.634672898853656,,0,1.328125,7,9,9,4,4,0.9993022867598295,0.006220600761681458,1,"[0.0, 0.5, 0.5]",0.42288366003341826,1.6392229047213132,0.2518776786514054,-2.2733980801793607,-2.958362419894762,4.098057261803283,0.18139059455980017,0.309051515958086,0.5545696613992483,-0.32695391237870836,-0.4560939255865298,0.772628789895215,"[0.0007, 0.002, 0.0004]","[0.022, 0.1343, 0.0305]","[[0.00048399999999999995, -0.0002921829412602865, -8.415312221504905e-05], [-0.0002921829412602865, 0.018036490000000002, -0.0006687651949791408], [-8.415312221504905e-05, -0.0006687651949791408, 0.00093025]]"
aa8a0160,2025-08-11T22:08:43.011575,"['V', 'C', 'BAC']",3,250,2,0.5,45,0.4086161194029851,1.616552883999449,0.24658402663374973,-2.2503767550023706,-2.9258682184357463,4.0413822099986225,,0,6.188591003417969,7,9,9,4,4,0.6976294361814745,0.6711005146961726,2,"[0.005970149253731343, 0.7623134328358209, 0.23171641791044775]",0.4662448107303109,1.8890970355825993,0.24151475659354074,-2.6410432999110016,-3.4304198391902307,4.722742588956498,0.1797708918707071,0.3014250598155028,0.5632275298365073,-0.3160292110208871,-0.441982439514423,0.7535626495387571,"[0.0007, 0.002, 0.0004]","[0.022, 0.1343, 0.0305]","[[0.00048399999999999995, -0.00033076661943811514, -0.00013487717933397827], [-0.00033076661943811514, 0.018036490000000002, -0.0004471368588473331], [-0.00013487717933397827, -0.0004471368588473331, 0.00093025]]"
2ffb3c87,2025-08-11T22:19:12.366118,"['V', 'C', 'BAC']",3,250,2,0.5,123,0.5011870622568094,2.116452886996665,0.23208031951697466,-2.9800681451915687,-3.864447414237281,5.291132217491662,,0,6.009051084518433,7,9,9,4,4,0.990568804152065,0.06220413874419985,1,"[0.0017023346303501946, 0.992704280155642, 0.005593385214007782]",0.47494042071968656,1.9567233726366295,0.2376117274529166,-2.74358311570239,-3.5612179407670173,4.891808431591574,0.17571440840111416,0.3418361726230619,0.4847772754109472,-0.3865560599611386,-0.5293954429377953,0.8545904315576547,"[0.0007, 0.002, 0.0004]","[0.022, 0.1343, 0.0305]","[[0.00048399999999999995, -0.0001440774312669895, 4.179303073729718e-05], [-0.0001440774312669895, 0.018036490000000002, 0.00013263685810295953], [4.179303073729718e-05, 0.00013263685810295953, 0.00093025]]"
20db05be,2025-08-11T22:28:25.379138,"['V', 'C', 'BAC']",3,250,2,0.5,256,0.45278657198192385,1.8504534120691492,0.23928544706608235,-2.590938434364743,-3.364167380788929,4.626133530172873,,0,5.816364049911499,7,9,9,4,4,0.8603497283564574,0.44260428520216216,2,"[0.004303851947493006, 0.8721755971594577, 0.12352055089304928]",0.42288366003341826,1.6392229047213132,0.2518776786514054,-2.2733980801793607,-2.958362419894762,4.098057261803283,0.18139059455980017,0.309051515958086,0.5545696613992483,-0.32695391237870836,-0.4560939255865298,0.772628789895215,"[0.0007, 0.002, 0.0004]","[0.022, 0.1343, 0.0305]","[[0.00048399999999999995, -0.0002921829412602865, -8.415312221504905e-05], [-0.0002921829412602865, 0.018036490000000002, -0.0006687651949791408], [-8.415312221504905e-05, -0.0006687651949791408, 0.00093025]]"
405fa4d9,2025-08-11T22:37:44.165065,"['V', 'C', 'BAC']",3,250,2,0.8,45,0.3309077416655043,1.2116334317670976,0.26485546969224744,-1.662051903112265,-2.1683440560446643,3.029083579417744,,0,5.52239990234375,7,9,9,4,4,0.7588150634321335,0.5619818977381288,2,"[0.0002789789370902497, 0.5706514158181057, 0.42906960524480403]",0.4662448107303109,1.8890970355825993,0.24151475659354074,-2.6410432999110016,-3.4304198391902307,4.722742588956498,0.1797708918707071,0.3014250598155028,0.5632275298365073,-0.3160292110208871,-0.441982439514423,0.7535626495387571,"[0.0007, 0.002, 0.0004]","[0.022, 0.1343, 0.0305]","[[0.00048399999999999995, -0.00033076661943811514, -0.00013487717933397827], [-0.00033076661943811514, 0.018036490000000002, -0.0004471368588473331], [-0.00013487717933397827, -0.0004471368588473331, 0.00093025]]"
10f04587,2025-08-11T22:47:20.707472,"['V', 'C', 'BAC']",3,250,2,0.8,123,0.48342310536044364,2.0170925937586492,0.23470568818968657,-2.8343989633804227,-3.677259621713898,5.042731484396623,,0,6.103240966796875,7,9,9,4,4,0.9447477768227123,0.25540931310377013,3,"[0.016173752310536044, 0.9459334565619224, 0.03789279112754159]",0.47494042071968656,1.9567233726366295,0.2376117274529166,-2.74358311570239,-3.5612179407670173,4.891808431591574,0.17571440840111416,0.3418361726230619,0.4847772754109472,-0.3865560599611386,-0.5293954429377953,0.8545904315576547,"[0.0007, 0.002, 0.0004]","[0.022, 0.1343, 0.0305]","[[0.00048399999999999995, -0.0001440774312669895, 4.179303073729718e-05], [-0.0001440774312669895, 0.018036490000000002, 0.00013263685810295953], [4.179303073729718e-05, 0.00013263685810295953, 0.00093025]]"
978750c5,2025-08-11T22:54:50.033475,"['V', 'C', 'BAC']",3,250,2,0.8,256,0.3230528600133959,1.1524481562415916,0.2716415990757762,-1.5725556696541225,-2.054116711854456,2.881120390603979,,0,3.3906209468841553,7,9,9,4,4,0.7723444438101557,0.6524298572682068,3,"[0.01634293369055593, 0.5481580709979906, 0.4354989953114535]",0.42288366003341826,1.6392229047213132,0.2518776786514054,-2.2733980801793607,-2.958362419894762,4.098057261803283,0.18139059455980017,0.309051515958086,0.5545696613992483,-0.32695391237870836,-0.4560939255865298,0.772628789895215,"[0.0007, 0.002, 0.0004]","[0.022, 0.1343, 0.0305]","[[0.00048399999999999995, -0.0002921829412602865, -8.415312221504905e-05], [-0.0002921829412602865, 0.018036490000000002, -0.0006687651949791408], [-8.415312221504905e-05, -0.0006687651949791408, 0.00093025]]"
045e4593,2025-08-11T23:01:33.689311,"['V', 'C', 'BAC']",3,250,3,0.2,45,0.39480000000000004,1.4130084991332965,0.2723267413012919,-1.9293921547126587,-2.519830728279098,3.532521247833241,,0,3.9353158473968506,10,12,12,6,6,0.9991410421149339,0.007902765973831882,1,"[0.3333333333333333, 0.6666666666666666, 0.0]",0.4662448107303109,1.8890970355825993,0.24151475659354074,-2.6410432999110016,-3.4304198391902307,4.722742588956498,0.1797708918707071,0.3014250598155028,0.5632275298365073,-0.3160292110208871,-0.441982439514423,0.7535626495387571,"[0.0007, 0.002, 0.0004]","[0.022, 0.1343, 0.0305]","[[0.00048399999999999995, -0.00033076661943811514, -0.00013487717933397827], [-0.00033076661943811514, 0.018036490000000002, -0.0004471368588473331], [-0.00013487717933397827, -0.0004471368588473331, 0.00093025]]"
9e8be730,2025-08-11T23:07:14.301340,"['V', 'C', 'BAC']",3,250,3,0.2,123,0.1008,0.4841724899248201,0.18753647076086247,-0.6955928761229654,-0.8979087960106873,1.2104312248120501,,0,1.5468790531158447,10,12,12,6,6,0.9995680809749105,0.004097188374912932,1,"[0.0, 0.0, 1.0]",0.47494042071968656,1.9567233726366295,0.2376117274529166,-2.74358311570239,-3.5612179407670173,4.891808431591574,0.17571440840111416,0.3418361726230619,0.4847772754109472,-0.3865560599611386,-0.5293954429377953,0.8545904315576547,"[0.0007, 0.002, 0.0004]","[0.022, 0.1343, 0.0305]","[[0.00048399999999999995, -0.0001440774312669895, 4.179303073729718e-05], [-0.0001440774312669895, 0.018036490000000002, 0.00013263685810295953], [4.179303073729718e-05, 0.00013263685810295953, 0.00093025]]"
3de970d6,2025-08-11T23:13:03.549842,"['V', 'C', 'BAC']",3,250,3,0.2,256,0.23850000000000002,0.691348387923602,0.33051353556529967,-0.8986669033631899,-1.1875531742196272,1.728370969809005,,0,1.9523420333862305,10,12,12,6,6,0.9946742466173525,0.038906382740473755,1,"[0.10714285714285714, 0.32142857142857145, 0.5714285714285714]",0.42288366003341826,1.6392229047213132,0.2518776786514054,-2.2733980801793607,-2.958362419894762,4.098057261803283,0.18139059455980017,0.309051515958086,0.5545696613992483,-0.32695391237870836,-0.4560939255865298,0.772628789895215,"[0.0007, 0.002, 0.0004]","[0.022, 0.1343, 0.0305]","[[0.00048399999999999995, -0.0002921829412602865, -8.415312221504905e-05], [-0.0002921829412602865, 0.018036490000000002, -0.0006687651949791408], [-8.415312221504905e-05, -0.0006687651949791408, 0.00093025]]"
